-1.34000000000000
-0.980000000000000
-1
-1.82000000000000
-1.40000000000000
-0.940000000000000
-0.380000000000000
-0.420000000000000
-1.36000000000000
-1.95000000000000
-1.90000000000000
-1.07000000000000
-0.400000000000000
-0.310000000000000
-0.230000000000000
-0.360000000000000
-0.670000000000000
-0.900000000000000
-1.03000000000000
-1.21000000000000
-0.770000000000000
-0.480000000000000
-0.0200000000000000
0.570000000000000
0.110000000000000
-0.800000000000000
-0.790000000000000
-1.36000000000000
-1.71000000000000
-0.670000000000000
-0.800000000000000
-1.23000000000000
-1.74000000000000
-2.34000000000000
-2.20000000000000
-1.59000000000000
-1.26000000000000
-0.670000000000000
-0.210000000000000
-0.380000000000000
-1.67000000000000
-1.67000000000000
-1.23000000000000
-1.03000000000000
-0.900000000000000
-0.860000000000000
-0.690000000000000
-0.400000000000000
-0.590000000000000
-0.520000000000000
-0.800000000000000
-0.690000000000000
-0.570000000000000
-0.420000000000000
-0.250000000000000
-0.110000000000000
-1.44000000000000
-1.21000000000000
-1.05000000000000
-1.26000000000000
-0.540000000000000
-0.250000000000000
-0.420000000000000
-0.940000000000000
-2.11000000000000
-2.53000000000000
-2.47000000000000
-1.63000000000000
-1.17000000000000
-1.03000000000000
-0.800000000000000
-1.72000000000000
-1.67000000000000
-0.820000000000000
-0.110000000000000
-0.380000000000000
-0.730000000000000
-0.840000000000000
-0.750000000000000
-0.650000000000000
-0.400000000000000
-0.170000000000000
-0.460000000000000
-1.30000000000000
-1.21000000000000
-0.690000000000000
0.400000000000000
-0.440000000000000
-0.630000000000000
-1.46000000000000
-2.53000000000000
-2.41000000000000
-4.20000000000000
-5.27000000000000
-5.04000000000000
-4.31000000000000
-3.98000000000000
-2.93000000000000
-1.23000000000000
-0.170000000000000
-0.340000000000000