-7.43000000000000
-7.87000000000000
-0
-8.07000000000000
-8.39000000000000
-10.2700000000000
-12.2800000000000
-13.0700000000000
-10.7500000000000
-11.0700000000000
-14.5200000000000
-14.7300000000000
-11.0400000000000
-9.02000000000000
-8.41000000000000
-8.62000000000000
-8.83000000000000
-7.64000000000000
-6.71000000000000
-5.90000000000000
-5.88000000000000
-7.07000000000000
-9.87000000000000
011.4000000000000
012.3400000000000
-11.0700000000000
-13.5100000000000
-14.5200000000000
-10.5800000000000
-8.03000000000000
-7.45000000000000
-7.24000000000000
-7.59000000000000
-7.66000000000000
-8.66000000000000
-8.49000000000000
-9.29000000000000
-10.9000000000000
-11.4800000000000
-12.9900000000000
-10.3500000000000
-12.4500000000000
-14
-12.2400000000000
-9.58000000000000
-7.70000000000000
-8.12000000000000
-8.70000000000000
-8.70000000000000
-7.89000000000000
-6.92000000000000
-6.49000000000000
-7.80000000000000
-9.92000000000000
-11.2800000000000
-12.8600000000000
-9.64000000000000
-11.2500000000000
-14.5800000000000
-11.5500000000000
-8.95000000000000
-7.51000000000000
-7.05000000000000
-7.17000000000000
-7.20000000000000
-7.66000000000000
-7.91000000000000
-9.71000000000000
-12.0100000000000
-12.1500000000000
-13.5100000000000
-11.0200000000000
-14
-15.0200000000000
-12.0100000000000
-9.39000000000000
-8.35000000000000
-8.64000000000000
-8.58000000000000
-8.33000000000000
-7.45000000000000
-6.80000000000000
-6.65000000000000
-7.13000000000000
-8.01000000000000
-9.02000000000000
012.2600000000000
-10.0400000000000
-10.6300000000000
-13.2000000000000
-13.1400000000000
-11.6300000000000
-11.9500000000000
-10.1200000000000
-8.45000000000000
-7.59000000000000
-6.19000000000000
-8.54000000000000
-9.46000000000000
-11.4600000000000
-14.1200000000000