2.36000000000000
2.03000000000000
00000000
2.91000000000000
2.85000000000000
2.32000000000000
1.74000000000000
1.74000000000000
2.18000000000000
1.59000000000000
0.770000000000000
0.360000000000000
0.340000000000000
0.500000000000000
0.190000000000000
0.0200000000000000
0.0600000000000000
0.610000000000000
0.770000000000000
0.820000000000000
1.23000000000000
1.99000000000000
1.76000000000000
1.67000000000000
2.15000000000000
1.48000000000000
1.17000000000000
2.30000000000000
2.36000000000000
1.90000000000000
2.39000000000000
2.20000000000000
2.38000000000000
2.41000000000000
2.32000000000000
2.07000000000000
2.15000000000000
1.93000000000000
1.05000000000000
1.32000000000000
1.44000000000000
0.770000000000000
0.900000000000000
0.750000000000000
0.820000000000000
0.670000000000000
0.500000000000000
0.590000000000000
0.500000000000000
0.560000000000000
0.820000000000000
1.03000000000000
1.23000000000000
1.55000000000000
0.540000000000000
1.78000000000000
1.86000000000000
1.23000000000000
1.76000000000000
2.16000000000000
1.34000000000000
1.67000000000000
1.97000000000000
1.61000000000000
2.30000000000000
2.18000000000000
1.99000000000000
1.69000000000000
1.30000000000000
0.880000000000000
1.76000000000000
1.17000000000000
0.670000000000000
0.710000000000000
0.130000000000000
0.170000000000000
0.250000000000000
0.460000000000000
0.170000000000000
0.400000000000000
0.0200000000000000
0.170000000000000
0.150000000000000
0.800000000000000
0.560000000000000
0.480000000000000
0.690000000000000
1.46000000000000
1.67000000000000
3.20000000000000
4.71000000000000
3.22000000000000
3.35000000000000
3.49000000000000
2.97000000000000
2.51000000000000
1.51000000000000
1.05000000000000
0.210000000000000
-1.19000000000000
-0.190000000000000